3631 1323
39
3083 925
3649 618
4290 978
5144 700
5295 993
4688 1729
5134 1616
6365 1855
5979 1867
5569 2164
5231 3034
4573 3053
4609 3544
4216 3577
3809 3049
3520 2719
3074 3030
3440 3557
2569 3409
2292 3015
2588 2523
2251 2460
1817 2999
1153 3195
1074 2551
1639 2118
1098 1964
1659 1737
568 1818
338 2135
359 1704
1061 1243
1367 937
1879 921
2258 1598
4195 2247
4729 2262
4709 2621
4194 2609
10
91
3546 1804
3168 1804
2775 1415
2776 1033
2412 1036
2412 1268
2657 1267
2657 1304
2476 1307
2476 1424
2655 1422
2656 1515
2476 1516
2477 1631
2654 1632
2656 1682
2932 1950
2933 2018
2121 2018
1996 1863
1995 1632
2170 1633
2174 1518
1996 1517
1995 1421
2169 1421
2174 1309
1997 1304
1996 1270
2210 1268
2211 1035
1403 1031
1401 1348
1179 1350
1183 1873
1465 1888
1465 1692
1604 1550
1768 1551
1869 1653
1869 1844
1718 1844
1717 1914
1787 1929
1793 2037
1869 2042
1872 2256
1462 2256
1465 2060
1195 2059
1195 2197
1170 2197
1171 2293
1194 2311
1196 2433
1178 2434
1176 2607
1195 2607
1196 2628
1397 2625
1402 2893
1958 2886
1959 3319
2150 3320
2155 2758
2561 2755
2559 2576
2539 2577
2536 2538
2154 2536
2157 2331
2376 2332
2377 2371
2917 2372
2919 2409
2739 2586
2741 2907
2580 3067
2347 3067
2346 3328
2944 3322
2952 2811
3039 2814
3048 2722
3116 2718
3130 2679
3200 2643
3294 2602
3294 2539
3548 2540
3546 1804
9
3905 1561
4125 1556
4229 1457
4235 1310
4106 1201
3899 1205
3782 1294
3785 1482
3905 1561
9
3514 1152
3735 1150
3845 1053
3850 912
3743 808
3520 798
3421 869
3389 1018
3514 1152
9
3894 722
4131 718
4227 635
4231 472
4089 366
3902 369
3784 466
3786 630
3894 722
9
3112 740
3343 732
3446 637
3446 488
3319 381
3130 381
3025 449
2988 622
3112 740
171
2777 863
2777 468
3088 158
4083 159
4536 610
4537 866
4992 859
5002 797
5024 755
5048 715
5083 690
5086 524
5263 524
5559 817
5425 824
5428 862
5422 897
5407 935
5371 972
5373 1570
5760 1571
5761 1787
6236 1774
6237 1553
6532 1552
6559 1570
6543 1591
6627 1657
6638 1692
6674 1702
6679 1719
6666 1741
6667 1773
6669 1914
6716 1970
6626 2079
6536 2170
6235 2168
6236 1956
5767 1952
5764 2223
5384 2223
5385 2754
5605 2754
5605 2800
5367 2800
5368 2929
5387 2946
5416 2981
5433 3021
5441 3063
5440 3116
5434 3145
5403 3188
5371 3216
5371 3359
5265 3466
5142 3466
5141 3435
4929 3434
4929 3355
5153 3352
5156 3291
5112 3269
5068 3232
5031 3187
5017 3142
4693 3141
4692 3383
4788 3388
4787 3609
4706 3616
4707 3748
4726 3769
4633 3869
4616 3871
4610 3787
4590 3785
4583 3739
4560 3736
4463 3781
4218 3785
4219 3866
4160 3869
4035 3748
4093 3749
4090 3606
4044 3603
4039 3523
4003 3523
4000 3426
4397 3425
4421 3389
4452 3389
4456 3143
3905 3145
3906 3876
3278 3875
2952 3552
2952 3507
1718 3508
1720 3057
1403 3058
1402 3314
857 3316
672 3169
814 3170
902 3086
1260 3081
1260 2770
1219 2768
1162 2719
781 2713
721 2652
669 2650
667 2617
970 2614
969 2059
711 2057
714 2264
464 2264
464 2530
308 2530
129 2410
131 2072
177 2074
228 2125
259 2125
277 2102
272 2033
337 2035
356 2009
356 1964
289 1930
291 1854
281 1832
281 1645
211 1611
116 1612
122 1542
264 1453
267 1405
310 1379
458 1379
461 1650
708 1648
709 1876
759 1875
762 1893
990 1892
988 1841
970 1834
969 1697
986 1685
983 1576
968 1571
977 1349
665 1346
663 1237
812 1238
896 1152
1253 1152
1258 837
1209 832
1158 787
776 785
740 749
854 657
1398 653
1400 868
2777 863
67
4138 1803
3748 1805
3745 2169
4239 2163
4241 2203
4267 2204
4268 2161
4395 2159
4396 2198
4423 2202
4425 2156
4555 2155
4557 2197
4584 2200
4583 2157
4711 2155
4714 2200
4739 2204
4741 2148
4817 2145
4822 2169
4843 2183
4861 2185
4863 2598
4725 2733
4079 2733
4079 2326
3752 2332
3749 2538
3904 2540
3910 2978
5030 2962
5046 2944
5084 2902
5120 2883
5148 2867
5144 2046
5525 2045
5528 1745
4988 1743
4967 1778
4880 1778
4872 1913
4746 1914
4748 1781
4645 1785
4642 1913
4523 1915
4523 1785
4448 1774
4581 1641
4652 1644
4719 1562
4761 1561
4780 1575
4860 1578
4889 1557
4901 1517
4968 1516
4973 1561
5147 1561
5149 1075
5113 1057
5076 1033
4541 1035
4541 1400
4138 1803
5
4667 2381
4287 2380
4290 2544
4668 2541
4667 2381
35
3246 2888
3246 3049
3173 3014
3116 3066
3112 3154
3196 3187
3246 3145
3247 3254
3353 3252
3358 3344
3395 3344
3395 3407
3504 3450
3578 3385
3577 3341
3659 3341
3660 3249
3678 3261
3713 3261
3732 3244
3731 3170
3714 3151
3714 2838
3682 2836
3689 2819
3669 2758
3594 2753
3569 2804
3575 2834
3512 2837
3455 2813
3382 2876
3363 2861
3308 2885
3246 2888
9
3099 1563
3342 1557
3448 1441
3441 1291
3323 1209
3100 1210
2997 1298
2996 1468
3099 1563
14
4434 1152
2080 1774
1338 711
1773 2211
466 2211
293 1595
1345 3270
2627 2637
4194 3700
5269 3382
4162 2686
5246 2130
6296 2121
5258 1135
4
318 1970
4780 2117
4822 1553
4648 2426
6
4156 2094
5132 478
4310 326
2215 2256
4374 3314
6454 1491
6
2535 2315
3453 2479
1293 1830
2924 272
6060 1704
3977 2117
